51
64
99
98
51
95
39
19
53
27
17
75
26
32
81
97
97
49
17
98
24
66
17
42
47
96
78
92
75
56
39
66
74
22
31
73
68
99
65
93
56
99
69
29
66
65
44
94
89
51
49
61
16
63
34
83
79
22
36
63
77
99
38
93
15
28
74
22
69
66
61
33
25
37
89
15
86
18
42
13
65
25
49
99
57
89
15
38
95
42
13
45
53
63
67
34
89
54
79
25
39
43
41
71
56
88
13
99
59
36
92
58
24
89
32
34
12
15
24
85
88
15
82
91
48
62
25
73
24
28
47
66
21
25
31
66
35
36
48
22
62
16
24
48
91
73
38
99
54
67
65
75
99
78
26
96
92
61
42
14
33
84
94
42
23
62
18
69
12
42
88
18
48
76
27
49
92
31
31
97
22
98
73
93
69
94
53
28
55
51
51
85
66
26
21
68
49
22
88
73
34
96
92
99
69
47
98
75
81
77
72
14
23
42
65
38
34
64
83
63
16
29
96
47
67
32
58
57
96
87
86
18
11
77
67
44
31
24
17
32
28
24
55
43
43
88
57
19
23
49
56
57
64
51
41
37
87
49
92
81
94
89
96
69
57
79
18
22
56
65
66
59
27
44
86
85
22
75
52
25
14
66
35
26
41
57
22
39
44
25
84
71
52
59
49
43
77
63
39
66
78
85
67
93
28
64
74
53
88
79
14
92
54
79
14
99
28
74
26
91
82
99
99
17
55
99
62
54
83
48
81
55
17
31
26
73
14
72
66
21
68
72
48
57
68
84
92
31
74
14
43
87
67
77
86
23
57
83
86
92
21
47
71
62
41
32
92
62
56
61
44
47
22
36
27
32
29
26
88
71
33
94
99
61
36
39
63
83
34
74
29
81
11
83
81
53
88
66
25
71
52
87
51
38
51
34
99
51
11
89
93
34
63
53
22
84
95
18
14
92
99
32
28
56
61
68
96
28
55
93
66
42
34
85
64
54
78
52
77
65
19
13
92
84
62
66
43
85
59
59
76
14
55
91
12
38
41
92
16
82
33
33
95
28
58
98
73
97
75
33
22
23
34
69
64
32
55
21
64
87
92
74
89
67
99
52
99
47
23
87
22
36
67
97
43
58
71
39
71
97
72
65
37
41
26
62
27
96
91
51
74
21
53
24
96
44
63
52
78
13
66
99
32
88
66
96
59
27
61
91
97
25
61
68
75
57
53
42
97
18
82
22
56
88
72
44
78
77
76
53
35
76
96
62
88
59
28
16
71
77
43
33
26
11
49
56
23
98
43
18
69
59
91
21
51
66
72
73
19
99
54
96
98
74
21
61
32
42
74
14
31
26
27
56
61
36
98
37
97
27
22
48
37
32
16
37
88
51
89
58
54
75
75
28
84
85
35
29
72
27
11
25
54
68
28
23
94
18
68
86
27
92
11
44
87
69
12
37
66
45
66
31
44
86
74
98
52
85
82
29
88
69
14
17
35
11
18
86
57
69
33
98
11
53
45
85
19
53
31
94
98
82
66
91
51
19
28
49
96
17
21
72
26
85
84
38
38
17
72
78
44
67
71
67
32
27
65
76
72
78
39
61
36
49
82
62
26
52
49
93
88
49
97
75
57
57
92
96
19
33
51
53
32
66
99
71
65
91
27
45
21
11
56
33
21
11
25
18
55
37
18
23
14
84
53
86
77
55
19
48
26
67
27
46
74
84
45
55
61
94
91
34
58
54
82
14
89
38
99
82
53
78
64
55
89
96
87
46
95
43
22
26
17
93
82
45
84
67
11
53
51
49
25
13
32
98
84
11
36
86
74
16
17
45
69
82
49
42
49
22
47
23
14
46
34
76
88
72
18
89
17
38
22
27
87
38
17
81
65
31
94
65
74
52
88
99
64
22
38
71
17
81
37
59
81
84
96
42
87
31
21
51
89
23
65
25
82
17
41
72
35
53
99
92
87
73
88
53
47
26
81
31
26
78
99
14
33
78
47
33
97
33
93
67
62
19
67
39
44
38
74
72
99
85
52
52
24
32
17
88
27
93
52
15
88
22
66
69
71
73
27
58
92
25
47
81
35
15
14
34
59
14
13
82
87
67
79
55
16
88
71
98
46
72
31
81
23
12
37
29
86
98
22
26
88
63
71
28
11
21
11
75
12
95
76
44
88
88
89
12
93
54
34
27
77
77
41
27
48
53
54
61
11
59
18
89
84
85
87
88
97
34
78
55
24
15
63
98
11
53
71
64
19
97
77
55
81
24
92
95
