11
66
69
91
31
55
79
19
33
22
17
75
33
33
81
17
97
49
87
98
22
56
13
46
47
96
18
99
85
57
99
66
88
22
31
73
68
99
65
99
55
22
66
29
69
25
44
85
99
54
99
67
56
33
33
44
76
55
39
63
63
96
33
93
84
36
24
22
11
66
63
33
22
47
99
15
77
58
43
13
65
24
43
99
55
66
15
38
55
44
44
55
77
23
65
86
79
54
49
88
69
53
41
22
66
88
55
98
59
36
92
66
24
89
12
34
12
55
24
85
88
35
44
91
48
72
55
73
84
38
11
66
23
25
99
66
35
51
48
22
22
16
27
58
94
63
78
99
94
66
38
77
99
77
66
98
32
63
42
19
53
44
91
45
22
66
14
99
17
42
88
18
48
76
27
48
55
11
38
77
22
63
79
53
99
63
11
28
55
31
61
89
66
36
99
69
46
12
83
77
65
96
93
99
99
44
55
75
81
77
33
19
23
45
55
18
33
72
53
33
86
33
98
47
67
22
88
33
46
77
41
14
77
77
77
44
61
24
17
32
28
55
55
43
43
11
51
17
11
44
56
57
65
55
44
39
87
49
91
89
93
84
96
67
67
79
88
22
58
72
66
22
99
42
86
99
22
75
52
22
14
44
35
66
44
12
65
33
44
35
44
71
52
49
49
43
77
63
39
66
77
87
66
93
96
83
44
53
98
68
33
62
44
33
34
98
99
74
22
94
88
99
99
17
95
77
62
14
63
68
54
55
17
33
24
73
94
22
99
51
88
19
48
53
66
74
93
31
44
84
43
77
67
77
86
23
57
77
88
92
55
48
77
22
46
32
22
99
56
66
44
44
22
66
42
22
29
26
28
81
16
94
99
61
66
99
63
83
35
74
29
44
11
88
61
51
88
66
55
22
66
82
11
38
11
71
99
51
11
99
99
38
66
33
22
88
99
98
19
22
29
32
22
66
61
68
96
28
45
93
66
44
34
85
66
44
99
52
77
66
11
11
99
74
68
67
41
35
55
39
96
64
55
91
11
38
91
92
99
82
38
47
99
48
54
88
91
97
55
13
21
22
44
69
66
12
55
21
67
47
92
88
89
25
99
27
99
82
93
97
82
31
87
77
48
55
81
99
77
97
22
64
32
33
96
99
84
96
99
51
53
46
55
55
55
44
83
58
75
13
64
59
32
61
66
66
55
77
71
53
91
25
72
85
25
55
58
42
94
73
83
22
55
88
72
44
78
77
76
43
34
56
16
61
88
51
88
36
11
77
43
33
26
41
44
56
88
78
44
48
69
59
91
31
55
66
22
75
49
99
84
93
58
74
21
77
37
42
44
44
77
26
37
55
67
56
98
77
33
86
22
66
33
36
15
77
88
51
59
58
54
66
65
83
87
85
85
29
78
27
11
22
54
68
33
13
94
11
68
41
77
92
11
44
82
69
12
38
66
44
66
63
74
64
79
99
52
85
58
22
88
65
44
87
25
21
11
41
77
69
33
28
11
55
45
15
69
33
11
14
98
88
66
11
55
15
33
44
86
37
21
44
26
85
88
27
39
87
77
78
44
77
11
67
41
97
15
66
55
99
99
91
66
49
87
26
26
22
66
13
88
89
95
55
27
11
52
99
19
33
11
33
42
66
59
72
55
44
27
55
22
11
86
88
21
11
28
11
55
37
18
23
14
81
53
76
77
55
11
22
16
51
77
46
99
88
45
55
11
94
95
37
58
72
81
14
79
38
99
88
53
77
14
55
79
96
25
47
95
43
22
77
77
53
62
45
77
77
11
53
51
88
55
73
33
88
44
81
36
66
71
12
53
43
69
84
59
42
99
22
95
23
14
44
34
99
78
75
18
89
11
38
22
87
57
88
47
81
65
61
99
61
55
55
88
99
44
55
33
91
18
81
33
99
81
36
77
42
88
79
11
55
88
24
63
25
88
57
55
22
35
56
66
92
82
79
83
33
77
46
81
31
76
78
49
11
36
77
57
33
27
55
99
17
66
99
67
33
44
33
74
72
99
85
51
52
21
22
77
88
27
53
62
88
88
22
96
66
71
73
29
58
91
45
77
88
34
65
14
39
33
74
13
88
87
58
89
55
33
88
81
98
56
88
31
88
22
11
38
66
88
99
22
24
88
66
71
28
11
22
11
77
12
95
88
11
88
88
89
53
93
55
34
27
17
77
58
21
48
53
16
55
11
89
11
55
44
22
63
42
87
33
78
53
24
55
44
18
11
73
21
44
12
97
77
55
81
24
69
99
